22 55 1 3 7

22 55 1 3 7
22 1 55 3 7
22 1 3 55 7
22 1 3 7 55

22 1 3 7 55

1 22 3 7 55
1 3 22 7 55
1 3 7 22 55

END
i1: 33 51 23 12 77 8 1

33 51 23 12 77 8 1
33 23 51 12 77 8 1
33 23 12 51 77 8 1
33 23 12 51 77 8 1
33 23 12 51 8 77 1
33 23 12 51 8 1 77

i2:33 23 12 51 8 1 77

33 23 12 51 8 1 77
23 33 12 51 8 1 77
23 12 33 51 1 8 77
23 12 33 1 51 8 77
23 12 33 1 8 51 77
23 12 33 1 8 51 77

i3:23 12 33 1 8 51 77

12 23 33 1 8 51 77
12 23 33 1 8 51 77
12 23 1 33 8 51 77
12 23 1 8 33 51 77
12 23 1 8 33 51 77